0无政府共产主义   [-2, 0, -2, -2]
1自由共产主义   [-2, -1, -1, -1]
2托洛茨基主义   [-2, -2, -1, -1]
3马克思主义   [-2, -1, 1, -1]
4德莱昂主义   [-2, 1, 1, -1]
5列宁主义   [-2, 1, 1, -1]
6斯大林主义   [-2, 1, 2, -1]
7宗教共产主义   [-2, 0, 1, 1]
8国家社会主义   [-1, 1, 1, -1]
9神权社会主义   [-1, 0, 1, 1]
10宗教社会主义   [-1, 0, -1, 1]
11民主社会主义   [-1, 0, 0, -1]
12革命社会主义   [-1, 1, 0, -1]
13自由意志社会主义   [-1, -1, -1, -1]
14无政府工团主义   [-1, 0, -2, -1]
15左翼民粹主义   [-1, 1, 1, -1]
16神权分配主义   [-1, 1, 1, 1]
17分配主义   [-1, 0, 0, 1]
18社会自由主义   [-1, -1, -1, -1]
19基督教民主主义   [-1, -1, 0, 1]
20社会民主主义   [-1, -1, -1, -1]
21进步主义   [-1, -1, -1, -2]
22无政府互助主义   [-1, 0, -2, -1]
23国家极权主义   [0, 1, 2, 0]
24全球极权主义   [0, -1, 2, 0]
25技治主义   [-1, -1, 1, -1]
26中间主义   [0, 0, 0, 0]
27自由主义   [0, -1, -1, -1]
28宗教无政府主义   [0, 0, -2, 1]
29右翼民粹主义   [1, 1, 1, 1]
30中间保守主义   [1, 1, 0, 1]
31反动主义   [1, 1, 1, 2]
32社会自由意志主义   [-1, -1, -1, -1]
33自由意志主义   [1, -1, -1, -1]
34利己主义   [1, 0, -2, 0]
35纳粹主义   [1, 2, 2, 2]
36专制主义   [0, 1, 1, 0]
37法西斯主义   [1, 1, 1, 1]
38资本法西斯主义   [1, 1, 1, 1]
39保守主义   [1, 1, 1, 1]
40新自由意志主义   [1, 1, 0, -1]
41古典自由主义   [1, -1, -1, -1]
42威权资本主义   [1, 1, 1, 1]
43国家资本主义   [1, 0, 1, 0]
44新保守主义   [1, 1, 1, 1]
45原教旨主义   [1, 1, 1, 2]
46自由资本主义   [1, 0, -1, -1]
47市场无政府主义   [1, 0, -2, 0]
48客观主义   [2, 0, -2, 1]
49极权资本主义   [2, 1, 2, 0]
50超资本主义   [2, 1, 0, 0]
51无政府资本主义   [2, 0, -2, 0]
